0 712537.658923 3144490.8587764
1 712540.40782175 3144488.30172578
2 712557.85887214 3144494.27698534
3 712522.10662982 3144502.0969753
4 712419.52081542 3144583.68281383
5 711578.86168731 3145075.5989833
6 711315.23002979 3145398.57620775
7 711284.86276158 3145505.61220279
8 711317.78940477 3145395.44058991
9 711166.5205364 3145580.77123398
10 717127.83862349 3145318.72302748
11 717339.50578596 3145753.78285334
12 717456.16061499 3145722.94102355
13 716367.03083997 3146025.04742894
14 717230.24047417 3146166.47134536
15 717836.77298302 3146478.00337715
16 717914.3272238 3146459.9028416
17 717680.28990417 3146028.4001494
18 717778.09811795 3146491.69718522
19 718435.08204494 3146536.35326093
20 716996.36462374 3146745.8900572
